0.000000e+00 0.000055
1.039588e-09 -0.000286
2.079175e-09 0.000166
3.118762e-09 -0.000075
4.158350e-09 0.000060
5.197937e-09 0.000244
6.237525e-09 0.000211
7.277112e-09 0.000473
8.316700e-09 0.000185
9.356287e-09 0.000156
1.039588e-08 0.000109
1.143546e-08 0.000242
1.247505e-08 0.000192
1.351464e-08 0.000309
1.455423e-08 0.000148
1.559381e-08 0.000276
1.663340e-08 0.000187
1.767299e-08 0.000244
1.871258e-08 0.000036
1.975216e-08 0.000237
2.079175e-08 0.000127
2.183134e-08 0.000107
2.287092e-08 0.000104
2.391051e-08 0.000273
2.495010e-08 0.000205
2.598969e-08 0.000876
2.702927e-08 0.002215
2.806886e-08 0.003580
2.910845e-08 0.006905
3.014804e-08 0.011557
3.118762e-08 0.017734
3.222721e-08 0.024754
3.326680e-08 0.036462
3.430639e-08 0.049830
3.534597e-08 0.062414
3.638556e-08 0.083601
3.742515e-08 0.103896
3.846474e-08 0.123336
3.950432e-08 0.154018
4.054391e-08 0.176960
4.158350e-08 0.199286
4.262309e-08 0.236345
4.366267e-08 0.262332
4.470226e-08 0.293396
4.574185e-08 0.333255
4.678144e-08 0.362141
4.782102e-08 0.395823
4.886061e-08 0.436416
4.990020e-08 0.465657
5.093979e-08 0.501196
5.197937e-08 0.536407
5.301896e-08 0.566751
5.405855e-08 0.602427
5.509814e-08 0.636211
5.613772e-08 0.665499
5.717731e-08 0.690685
5.821690e-08 0.721117
5.925649e-08 0.747938
6.029607e-08 0.766790
6.133566e-08 0.792709
6.237525e-08 0.812373
6.341484e-08 0.827340
6.445442e-08 0.847256
6.549401e-08 0.859562
6.653360e-08 0.869366
6.757319e-08 0.882277
6.861277e-08 0.889796
6.965236e-08 0.896439
7.069195e-08 0.902242
7.173154e-08 0.904657
7.277112e-08 0.906587
7.381071e-08 0.906592
7.485030e-08 0.905321
7.588989e-08 0.901915
7.692947e-08 0.896707
7.796906e-08 0.891601
7.900865e-08 0.883226
8.004824e-08 0.873648
8.108782e-08 0.864504
8.212741e-08 0.854349
8.316700e-08 0.841089
8.420659e-08 0.827294
8.524617e-08 0.815940
8.628576e-08 0.798382
8.732535e-08 0.782928
8.836494e-08 0.769614
8.940452e-08 0.748760
9.044411e-08 0.734686
9.148370e-08 0.720582
9.252329e-08 0.698633
9.356287e-08 0.683902
9.460246e-08 0.666183
9.564205e-08 0.645056
9.668164e-08 0.628915
9.772122e-08 0.611056
9.876081e-08 0.589430
9.980040e-08 0.573846
1.008400e-07 0.555067
1.018796e-07 0.536038
1.029192e-07 0.519479
1.039587e-07 0.499675
1.049983e-07 0.480472
1.060379e-07 0.463583
1.070775e-07 0.448259
1.081171e-07 0.429287
1.091567e-07 0.411506
1.101963e-07 0.397994
1.112359e-07 0.379085
1.122755e-07 0.363266
1.133150e-07 0.350371
1.143546e-07 0.331828
1.153942e-07 0.319086
1.164338e-07 0.307950
1.174734e-07 0.291365
1.185130e-07 0.279554
1.195526e-07 0.267108
1.205922e-07 0.251625
1.216317e-07 0.241215
1.226713e-07 0.229367
1.237109e-07 0.215621
1.247505e-07 0.205856
1.257901e-07 0.194738
1.268297e-07 0.183184
1.278693e-07 0.173642
1.289088e-07 0.162535
1.299484e-07 0.151668
1.309880e-07 0.142269
1.320276e-07 0.134331
1.330672e-07 0.123864
1.341068e-07 0.114306
1.351464e-07 0.107674
1.361860e-07 0.097781
1.372255e-07 0.089768
1.382651e-07 0.083578
1.393047e-07 0.074319
1.403443e-07 0.067879
1.413839e-07 0.062625
1.424235e-07 0.054445
1.434631e-07 0.049017
1.445027e-07 0.043479
1.455423e-07 0.036402
1.465818e-07 0.031639
1.476214e-07 0.026028
1.486610e-07 0.020267
1.497006e-07 0.015964
1.507402e-07 0.010948
1.517798e-07 0.006232
1.528194e-07 0.002512
1.538590e-07 -0.002161
1.548985e-07 -0.006458
1.559381e-07 -0.010106
1.569777e-07 -0.013390
1.580173e-07 -0.017006
1.590569e-07 -0.020589
1.600965e-07 -0.022926
1.611361e-07 -0.026548
1.621756e-07 -0.029047
1.632152e-07 -0.031189
1.642548e-07 -0.034129
1.652944e-07 -0.036423
1.663340e-07 -0.038146
1.673736e-07 -0.040856
1.684132e-07 -0.042340
1.694528e-07 -0.044168
1.704923e-07 -0.046191
1.715319e-07 -0.047704
1.725715e-07 -0.049519
1.736111e-07 -0.051344
1.746507e-07 -0.052547
1.756903e-07 -0.054113
1.767299e-07 -0.055353
1.777695e-07 -0.056499
1.788091e-07 -0.058145
1.798486e-07 -0.059546
1.808882e-07 -0.060654
1.819278e-07 -0.061996
1.829674e-07 -0.063085
1.840070e-07 -0.064018
1.850466e-07 -0.065087
1.860862e-07 -0.066205
1.871258e-07 -0.067066
1.881653e-07 -0.067817
1.892049e-07 -0.069021
1.902445e-07 -0.069442
1.912841e-07 -0.070607
1.923237e-07 -0.071680
1.933633e-07 -0.072089
1.944029e-07 -0.073097
1.954425e-07 -0.073695
1.964820e-07 -0.074447
1.975216e-07 -0.075409
1.985612e-07 -0.076004
1.996008e-07 -0.076352
2.006404e-07 -0.077398
2.016800e-07 -0.078097
2.027196e-07 -0.079025
2.037592e-07 -0.079400
2.047987e-07 -0.079972
2.058383e-07 -0.080861
2.068779e-07 -0.081266
2.079175e-07 -0.081890
2.089571e-07 -0.082426
2.099967e-07 -0.082483
2.110363e-07 -0.083383
2.120759e-07 -0.084184
2.131154e-07 -0.084727
2.141550e-07 -0.085205
2.151946e-07 -0.085512
2.162342e-07 -0.086040
2.172738e-07 -0.086711
2.183134e-07 -0.087046
2.193530e-07 -0.087233
2.203925e-07 -0.087878
2.214321e-07 -0.088247
2.224717e-07 -0.088494
2.235113e-07 -0.089253
2.245509e-07 -0.089620
2.255905e-07 -0.089552
2.266301e-07 -0.090254
2.276697e-07 -0.090109
2.287092e-07 -0.090759
2.297488e-07 -0.090798
2.307884e-07 -0.091141
2.318280e-07 -0.091396
2.328676e-07 -0.091736
2.339072e-07 -0.092022
2.349468e-07 -0.091968
2.359864e-07 -0.092233
2.370259e-07 -0.092548
2.380655e-07 -0.092558
2.391051e-07 -0.092675
2.401447e-07 -0.092774
2.411843e-07 -0.092743
2.422239e-07 -0.092810
2.432635e-07 -0.093143
2.443031e-07 -0.092888
2.453426e-07 -0.093164
2.463822e-07 -0.093229
2.474218e-07 -0.093234
2.484614e-07 -0.092909
2.495010e-07 -0.093148
2.505406e-07 -0.093346
2.515802e-07 -0.093133
2.526198e-07 -0.093268
2.536593e-07 -0.093356
2.546989e-07 -0.093374
2.557385e-07 -0.093408
2.567781e-07 -0.093338
2.578177e-07 -0.093094
2.588573e-07 -0.093307
2.598969e-07 -0.093307
2.609365e-07 -0.093070
2.619760e-07 -0.092849
2.630156e-07 -0.092979
2.640552e-07 -0.092649
2.650948e-07 -0.092795
2.661344e-07 -0.092670
2.671740e-07 -0.092415
2.682136e-07 -0.092017
2.692532e-07 -0.092262
2.702927e-07 -0.092191
2.713323e-07 -0.092246
2.723719e-07 -0.091601
2.734115e-07 -0.091601
2.744511e-07 -0.091703
2.754907e-07 -0.091398
2.765303e-07 -0.091378
2.775699e-07 -0.091268
2.786094e-07 -0.091105
2.796490e-07 -0.090936
2.806886e-07 -0.090618
2.817282e-07 -0.090663
2.827678e-07 -0.090338
2.838074e-07 -0.090301
2.848470e-07 -0.090106
2.858866e-07 -0.089911
2.869261e-07 -0.089623
2.879657e-07 -0.089485
2.890053e-07 -0.089300
2.900449e-07 -0.089238
2.910845e-07 -0.089373
2.921241e-07 -0.088879
2.931637e-07 -0.088447
2.942033e-07 -0.088421
2.952428e-07 -0.088247
2.962824e-07 -0.088143
2.973220e-07 -0.087979
2.983616e-07 -0.088011
2.994012e-07 -0.087753
3.004408e-07 -0.087418
3.014804e-07 -0.087467
3.025200e-07 -0.087059
3.035595e-07 -0.087215
3.045991e-07 -0.086768
3.056387e-07 -0.086373
3.066783e-07 -0.086581
3.077179e-07 -0.086058
3.087575e-07 -0.086100
3.097971e-07 -0.085959
3.108367e-07 -0.085777
3.118762e-07 -0.085915
3.129158e-07 -0.085686
3.139554e-07 -0.085743
3.149950e-07 -0.085348
3.160346e-07 -0.085047
3.170742e-07 -0.085106
3.181138e-07 -0.084800
3.191534e-07 -0.084821
3.201929e-07 -0.084431
3.212325e-07 -0.084264
3.222721e-07 -0.084522
3.233117e-07 -0.084178
3.243513e-07 -0.083736
3.253909e-07 -0.083747
3.264305e-07 -0.083453
3.274701e-07 -0.083461
3.285096e-07 -0.083318
3.295492e-07 -0.083094
3.305888e-07 -0.083055
3.316284e-07 -0.082561
3.326680e-07 -0.082426
3.337076e-07 -0.082122
3.347472e-07 -0.082044
3.357868e-07 -0.081688
3.368263e-07 -0.081719
3.378659e-07 -0.081183
3.389055e-07 -0.081113
3.399451e-07 -0.080853
3.409847e-07 -0.080858
3.420243e-07 -0.080593
3.430639e-07 -0.080362
3.441035e-07 -0.080125
3.451430e-07 -0.079883
3.461826e-07 -0.080096
3.472222e-07 -0.079545
3.482618e-07 -0.079472
3.493014e-07 -0.078929
3.503410e-07 -0.079080
3.513806e-07 -0.078939
3.524202e-07 -0.078768
3.534597e-07 -0.078536
3.544993e-07 -0.078765
3.555389e-07 -0.078081
3.565785e-07 -0.077884
3.576181e-07 -0.077811
3.586577e-07 -0.077301
3.596973e-07 -0.077418
3.607369e-07 -0.077340
3.617764e-07 -0.077034
3.628160e-07 -0.076927
3.638556e-07 -0.077010
3.648952e-07 -0.076607
3.659348e-07 -0.076625
3.669744e-07 -0.076303
3.680140e-07 -0.076540
3.690536e-07 -0.075877
3.700931e-07 -0.075827
3.711327e-07 -0.076155
3.721723e-07 -0.076043
3.732119e-07 -0.075359
3.742515e-07 -0.075700
3.752911e-07 -0.075177
3.763307e-07 -0.074860
3.773703e-07 -0.074933
3.784098e-07 -0.074455
3.794494e-07 -0.074314
3.804890e-07 -0.074397
3.815286e-07 -0.074343
3.825682e-07 -0.074013
3.836078e-07 -0.073620
3.846474e-07 -0.073711
3.856870e-07 -0.073235
3.867265e-07 -0.073279
3.877661e-07 -0.073350
3.888057e-07 -0.072871
3.898453e-07 -0.072354
3.908849e-07 -0.072252
3.919245e-07 -0.072011
3.929641e-07 -0.071857
3.940037e-07 -0.071974
3.950432e-07 -0.071589
3.960828e-07 -0.071192
3.971224e-07 -0.071015
3.981620e-07 -0.071127
3.992016e-07 -0.070885
4.002412e-07 -0.070586
4.012808e-07 -0.070321
4.023204e-07 -0.070323
4.033599e-07 -0.069876
4.043995e-07 -0.069728
4.054391e-07 -0.069777
4.064787e-07 -0.069483
4.075183e-07 -0.069400
4.085579e-07 -0.069338
4.095975e-07 -0.069093
4.106371e-07 -0.068891
4.116766e-07 -0.068698
4.127162e-07 -0.068631
4.137558e-07 -0.068134
4.147954e-07 -0.068685
4.158350e-07 -0.068324
4.168746e-07 -0.068066
4.179142e-07 -0.068056
4.189538e-07 -0.067637
4.199933e-07 -0.067806
4.210329e-07 -0.067481
4.220725e-07 -0.067154
4.231121e-07 -0.067089
4.241517e-07 -0.066891
4.251913e-07 -0.066912
4.262309e-07 -0.066572
4.272705e-07 -0.066434
4.283100e-07 -0.066348
4.293496e-07 -0.066234
4.303892e-07 -0.066054
4.314288e-07 -0.066109
4.324684e-07 -0.065628
4.335080e-07 -0.065695
4.345476e-07 -0.064980
4.355872e-07 -0.065243
4.366267e-07 -0.065074
4.376663e-07 -0.064705
4.387059e-07 -0.064559
4.397455e-07 -0.064733
4.407851e-07 -0.064081
4.418247e-07 -0.064018
4.428643e-07 -0.064044
4.439039e-07 -0.063584
4.449434e-07 -0.063545
4.459830e-07 -0.063748
4.470226e-07 -0.063628
4.480622e-07 -0.063002
4.491018e-07 -0.062989
4.501414e-07 -0.063067
4.511810e-07 -0.062817
4.522206e-07 -0.062588
4.532601e-07 -0.062646
4.542997e-07 -0.062011
4.553393e-07 -0.062170
4.563789e-07 -0.062315
4.574185e-07 -0.061899
4.584581e-07 -0.061767
4.594977e-07 -0.061832
4.605373e-07 -0.061533
4.615768e-07 -0.061426
4.626164e-07 -0.061309
4.636560e-07 -0.060943
4.646956e-07 -0.060805
4.657352e-07 -0.061044
4.667748e-07 -0.060545
4.678144e-07 -0.060488
4.688540e-07 -0.060274
4.698935e-07 -0.060121
4.709331e-07 -0.059650
4.719727e-07 -0.060092
4.730123e-07 -0.059775
4.740519e-07 -0.059684
4.750915e-07 -0.059401
4.761311e-07 -0.059671
4.771707e-07 -0.059143
4.782102e-07 -0.058829
4.792498e-07 -0.058894
4.802894e-07 -0.058480
4.813290e-07 -0.058174
4.823686e-07 -0.058161
4.834082e-07 -0.058091
4.844478e-07 -0.058249
4.854874e-07 -0.057565
4.865269e-07 -0.057625
4.875665e-07 -0.057090
4.886061e-07 -0.057524
4.896457e-07 -0.057430
4.906853e-07 -0.057079
4.917249e-07 -0.056970
4.927645e-07 -0.056531
4.938041e-07 -0.056598
4.948436e-07 -0.056089
4.958832e-07 -0.056328
4.969228e-07 -0.056073
4.979624e-07 -0.056328
4.990020e-07 -0.056089
5.000416e-07 -0.055660
5.010812e-07 -0.055592
5.021208e-07 -0.055717
5.031603e-07 -0.055605
5.041999e-07 -0.055608
5.052395e-07 -0.055335
5.062791e-07 -0.055095
5.073187e-07 -0.055280
5.083583e-07 -0.054908
5.093979e-07 -0.054653
5.104375e-07 -0.054924
5.114770e-07 -0.054321
5.125166e-07 -0.054469
5.135562e-07 -0.054352
5.145958e-07 -0.054102
5.156354e-07 -0.054032
5.166750e-07 -0.053598
5.177146e-07 -0.053525
5.187542e-07 -0.053515
5.197937e-07 -0.053491
5.208333e-07 -0.053340
5.218729e-07 -0.052956
5.229125e-07 -0.052794
5.239521e-07 -0.052477
5.249917e-07 -0.052573
5.260313e-07 -0.052168
5.270709e-07 -0.052215
5.281104e-07 -0.051981
5.291500e-07 -0.051661
5.301896e-07 -0.051523
5.312292e-07 -0.051507
5.322688e-07 -0.051398
5.333084e-07 -0.051123
5.343480e-07 -0.050990
5.353876e-07 -0.050743
5.364271e-07 -0.050855
5.374667e-07 -0.050813
5.385063e-07 -0.050340
5.395459e-07 -0.050343
5.405855e-07 -0.050358
5.416251e-07 -0.050371
5.426647e-07 -0.050119
5.437043e-07 -0.050187
5.447438e-07 -0.049981
5.457834e-07 -0.050093
5.468230e-07 -0.049760
5.478626e-07 -0.049513
5.489022e-07 -0.049690
5.499418e-07 -0.049656
5.509814e-07 -0.049656
5.520210e-07 -0.049461
5.530605e-07 -0.049506
5.541001e-07 -0.048988
5.551397e-07 -0.049082
5.561793e-07 -0.048406
5.572189e-07 -0.048538
5.582585e-07 -0.048658
5.592981e-07 -0.048180
5.603377e-07 -0.048107
5.613772e-07 -0.048263
5.624168e-07 -0.048050
5.634564e-07 -0.047977
5.644960e-07 -0.047319
5.655356e-07 -0.047574
5.665752e-07 -0.047387
5.676148e-07 -0.047433
5.686544e-07 -0.047205
5.696939e-07 -0.047090
5.707335e-07 -0.047114
5.717731e-07 -0.047132
5.728127e-07 -0.046926
5.738523e-07 -0.046526
5.748919e-07 -0.046570
5.759315e-07 -0.046825
5.769711e-07 -0.046365
5.780106e-07 -0.046263
5.790502e-07 -0.046196
5.800898e-07 -0.046019
5.811294e-07 -0.046185
5.821690e-07 -0.045715
5.832086e-07 -0.045769
5.842482e-07 -0.045351
5.852878e-07 -0.045535
5.863273e-07 -0.045330
5.873669e-07 -0.045205
5.884065e-07 -0.045140
5.894461e-07 -0.045028
5.904857e-07 -0.045008
5.915253e-07 -0.044768
5.925649e-07 -0.044779
5.936045e-07 -0.044714
5.946440e-07 -0.044633
5.956836e-07 -0.044298
5.967232e-07 -0.044482
5.977628e-07 -0.044215
5.988024e-07 -0.044095
5.998420e-07 -0.043890
6.008816e-07 -0.043713
6.019212e-07 -0.043939
6.029607e-07 -0.043653
6.040003e-07 -0.043780
6.050399e-07 -0.043432
6.060795e-07 -0.043749
6.071191e-07 -0.043221
6.081587e-07 -0.043169
6.091983e-07 -0.043198
6.102379e-07 -0.042748
6.112774e-07 -0.042683
6.123170e-07 -0.042881
6.133566e-07 -0.042447
6.143962e-07 -0.042603
6.154358e-07 -0.042634
6.164754e-07 -0.042428
6.175150e-07 -0.042064
6.185546e-07 -0.042168
6.195941e-07 -0.042155
6.206337e-07 -0.041851
6.216733e-07 -0.041526
6.227129e-07 -0.041758
6.237525e-07 -0.041833
6.247921e-07 -0.041474
6.258317e-07 -0.041285
6.268713e-07 -0.041464
6.279108e-07 -0.041157
6.289504e-07 -0.041285
6.299900e-07 -0.040923
6.310296e-07 -0.040759
6.320692e-07 -0.040973
6.331088e-07 -0.040546
6.341484e-07 -0.040752
6.351880e-07 -0.040601
6.362275e-07 -0.040544
6.372671e-07 -0.040271
6.383067e-07 -0.040395
6.393463e-07 -0.040154
6.403859e-07 -0.040174
6.414255e-07 -0.039751
6.424651e-07 -0.040156
6.435047e-07 -0.039574
6.445442e-07 -0.039556
6.455838e-07 -0.039699
6.466234e-07 -0.039514
6.476630e-07 -0.039335
6.487026e-07 -0.039400
6.497422e-07 -0.039397
6.507818e-07 -0.039197
6.518214e-07 -0.039202
6.528609e-07 -0.038703
6.539005e-07 -0.038825
6.549401e-07 -0.038534
6.559797e-07 -0.038391
6.570193e-07 -0.038627
6.580589e-07 -0.038245
6.590985e-07 -0.038211
6.601381e-07 -0.038243
6.611776e-07 -0.037938
6.622172e-07 -0.037933
6.632568e-07 -0.037756
6.642964e-07 -0.037645
6.653360e-07 -0.037652
6.663756e-07 -0.037832
6.674152e-07 -0.037325
6.684548e-07 -0.037595
6.694943e-07 -0.037179
6.705339e-07 -0.037351
6.715735e-07 -0.037569
6.726131e-07 -0.037130
6.736527e-07 -0.037041
6.746923e-07 -0.037026
6.757319e-07 -0.036841
6.767715e-07 -0.036633
6.778110e-07 -0.036670
6.788506e-07 -0.036680
6.798902e-07 -0.036633
6.809298e-07 -0.036423
6.819694e-07 -0.036251
6.830090e-07 -0.036090
6.840486e-07 -0.035944
6.850882e-07 -0.035908
6.861277e-07 -0.035832
6.871673e-07 -0.035806
6.882069e-07 -0.035445
6.892465e-07 -0.035866
6.902861e-07 -0.035528
6.913257e-07 -0.035643
6.923653e-07 -0.035385
6.934049e-07 -0.035117
6.944444e-07 -0.035055
6.954840e-07 -0.035154
6.965236e-07 -0.034891
6.975632e-07 -0.034935
6.986028e-07 -0.034795
6.996424e-07 -0.034642
7.006820e-07 -0.034704
7.017216e-07 -0.034548
7.027611e-07 -0.034605
7.038007e-07 -0.034119
7.048403e-07 -0.034306
7.058799e-07 -0.034236
7.069195e-07 -0.033921
7.079591e-07 -0.033820
7.089987e-07 -0.033862
7.100383e-07 -0.033698
7.110778e-07 -0.033500
7.121174e-07 -0.033612
7.131570e-07 -0.033690
7.141966e-07 -0.033383
7.152362e-07 -0.033526
7.162758e-07 -0.033297
7.173154e-07 -0.033531
7.183550e-07 -0.032936
7.193945e-07 -0.032822
7.204341e-07 -0.032887
7.214737e-07 -0.033030
7.225133e-07 -0.033082
7.235529e-07 -0.032744
7.245925e-07 -0.032710
7.256321e-07 -0.032910
7.266717e-07 -0.032551
7.277112e-07 -0.032372
7.287508e-07 -0.032619
7.297904e-07 -0.032611
7.308300e-07 -0.032406
7.318696e-07 -0.032193
7.329092e-07 -0.032104
7.339488e-07 -0.032122
7.349884e-07 -0.032146
7.360279e-07 -0.032494
7.370675e-07 -0.031743
7.381071e-07 -0.031982
7.391467e-07 -0.031803
7.401863e-07 -0.031511
7.412259e-07 -0.031556
7.422655e-07 -0.031532
7.433051e-07 -0.031623
7.443446e-07 -0.031228
7.453842e-07 -0.031345
7.464238e-07 -0.030822
7.474634e-07 -0.030960
7.485030e-07 -0.030952
7.495426e-07 -0.030776
7.505822e-07 -0.030625
7.516218e-07 -0.030739
7.526613e-07 -0.030456
7.537009e-07 -0.030243
7.547405e-07 -0.030214
7.557801e-07 -0.030412
7.568197e-07 -0.030401
7.578593e-07 -0.030253
7.588989e-07 -0.029879
7.599385e-07 -0.029863
7.609780e-07 -0.029819
7.620176e-07 -0.029522
7.630572e-07 -0.029673
7.640968e-07 -0.029444
7.651364e-07 -0.029827
7.661760e-07 -0.029244
7.672156e-07 -0.029431
7.682552e-07 -0.029663
7.692947e-07 -0.029606
7.703343e-07 -0.029348
7.713739e-07 -0.029457
7.724135e-07 -0.029387
7.734531e-07 -0.029057
7.744927e-07 -0.029262
7.755323e-07 -0.028979
7.765719e-07 -0.029273
7.776114e-07 -0.029099
7.786510e-07 -0.028823
7.796906e-07 -0.029049
7.807302e-07 -0.028891
7.817698e-07 -0.028865
7.828094e-07 -0.028787
7.838490e-07 -0.028966
7.848886e-07 -0.028438
7.859281e-07 -0.028547
7.869677e-07 -0.028766
7.880073e-07 -0.028527
7.890469e-07 -0.028677
7.900865e-07 -0.028168
7.911261e-07 -0.028165
7.921657e-07 -0.028241
7.932053e-07 -0.028079
7.942448e-07 -0.027827
7.952844e-07 -0.028046
7.963240e-07 -0.027986
7.973636e-07 -0.027710
7.984032e-07 -0.027677
7.994428e-07 -0.027592
8.004824e-07 -0.027507
8.015220e-07 -0.027423
8.025616e-07 -0.027338
8.036011e-07 -0.027253
8.046407e-07 -0.027169
8.056803e-07 -0.027084
8.067199e-07 -0.026999
8.077595e-07 -0.026915
8.087991e-07 -0.026830
8.098387e-07 -0.026745
8.108783e-07 -0.026660
8.119179e-07 -0.026576
8.129575e-07 -0.026491
8.139970e-07 -0.026406
8.150366e-07 -0.026322
8.160762e-07 -0.026237
8.171158e-07 -0.026152
8.181554e-07 -0.026068
8.191950e-07 -0.025983
8.202346e-07 -0.025898
8.212742e-07 -0.025813
8.223138e-07 -0.025729
8.233534e-07 -0.025644
8.243929e-07 -0.025559
8.254325e-07 -0.025475
8.264721e-07 -0.025390
8.275117e-07 -0.025305
8.285513e-07 -0.025221
8.295909e-07 -0.025136
8.306305e-07 -0.025051
8.316701e-07 -0.024967
8.327097e-07 -0.024882
8.337493e-07 -0.024797
8.347888e-07 -0.024712
8.358284e-07 -0.024628
8.368680e-07 -0.024543
8.379076e-07 -0.024458
8.389472e-07 -0.024374
8.399868e-07 -0.024289
8.410264e-07 -0.024204
8.420660e-07 -0.024120
8.431056e-07 -0.024035
8.441452e-07 -0.023950
8.451847e-07 -0.023865
8.462243e-07 -0.023781
8.472639e-07 -0.023696
8.483035e-07 -0.023611
8.493431e-07 -0.023527
8.503827e-07 -0.023442
8.514223e-07 -0.023357
8.524619e-07 -0.023273
8.535015e-07 -0.023188
8.545411e-07 -0.023103
8.555806e-07 -0.023019
8.566202e-07 -0.022934
8.576598e-07 -0.022849
8.586994e-07 -0.022764
8.597390e-07 -0.022680
8.607786e-07 -0.022595
8.618182e-07 -0.022510
8.628578e-07 -0.022426
8.638974e-07 -0.022341
8.649370e-07 -0.022256
8.659765e-07 -0.022172
8.670161e-07 -0.022087
8.680557e-07 -0.022002
8.690953e-07 -0.021917
8.701349e-07 -0.021833
8.711745e-07 -0.021748
8.722141e-07 -0.021663
8.732537e-07 -0.021579
8.742933e-07 -0.021494
8.753329e-07 -0.021409
8.763724e-07 -0.021325
8.774120e-07 -0.021240
8.784516e-07 -0.021155
8.794912e-07 -0.021071
8.805308e-07 -0.020986
8.815704e-07 -0.020901
8.826100e-07 -0.020816
8.836496e-07 -0.020732
8.846892e-07 -0.020647
8.857288e-07 -0.020562
8.867683e-07 -0.020478
8.878079e-07 -0.020393
8.888475e-07 -0.020308
8.898871e-07 -0.020224
8.909267e-07 -0.020139
8.919663e-07 -0.020054
8.930059e-07 -0.019970
8.940455e-07 -0.019885
8.950851e-07 -0.019800
8.961247e-07 -0.019715
8.971642e-07 -0.019631
8.982038e-07 -0.019546
8.992434e-07 -0.019461
9.002830e-07 -0.019377
9.013226e-07 -0.019292
9.023622e-07 -0.019207
9.034018e-07 -0.019123
9.044414e-07 -0.019038
9.054810e-07 -0.018953
9.065206e-07 -0.018868
9.075601e-07 -0.018784
9.085997e-07 -0.018699
9.096393e-07 -0.018614
9.106789e-07 -0.018530
9.117185e-07 -0.018445
9.127581e-07 -0.018360
9.137977e-07 -0.018276
9.148373e-07 -0.018191
9.158769e-07 -0.018106
9.169165e-07 -0.018022
9.179560e-07 -0.017937
9.189956e-07 -0.017852
9.200352e-07 -0.017767
9.210748e-07 -0.017683
9.221144e-07 -0.017598
9.231540e-07 -0.017513
9.241936e-07 -0.017429
9.252332e-07 -0.017344
9.262728e-07 -0.017259
9.273124e-07 -0.017175
9.283519e-07 -0.017090
9.293915e-07 -0.017005
9.304311e-07 -0.016920
9.314707e-07 -0.016836
9.325103e-07 -0.016751
9.335499e-07 -0.016666
9.345895e-07 -0.016582
9.356291e-07 -0.016497
9.366687e-07 -0.016412
9.377083e-07 -0.016328
9.387478e-07 -0.016243
9.397874e-07 -0.016158
9.408270e-07 -0.016074
9.418666e-07 -0.015989
9.429062e-07 -0.015904
9.439458e-07 -0.015819
9.449854e-07 -0.015735
9.460250e-07 -0.015650
9.470646e-07 -0.015565
9.481042e-07 -0.015481
9.491437e-07 -0.015396
9.501833e-07 -0.015311
9.512229e-07 -0.015227
9.522625e-07 -0.015142
9.533021e-07 -0.015057
9.543417e-07 -0.014972
9.553813e-07 -0.014888
9.564209e-07 -0.014803
9.574605e-07 -0.014718
9.585001e-07 -0.014634
9.595396e-07 -0.014549
9.605792e-07 -0.014464
9.616188e-07 -0.014380
9.626584e-07 -0.014295
9.636980e-07 -0.014210
9.647376e-07 -0.014126
9.657772e-07 -0.014041
9.668168e-07 -0.013956
9.678564e-07 -0.013871
9.688960e-07 -0.013787
9.699355e-07 -0.013702
9.709751e-07 -0.013617
9.720147e-07 -0.013533
9.730543e-07 -0.013448
9.740939e-07 -0.013363
9.751335e-07 -0.013279
9.761731e-07 -0.013194
9.772127e-07 -0.013109
9.782523e-07 -0.013025
9.792919e-07 -0.012940
9.803314e-07 -0.012855
9.813710e-07 -0.012770
9.824106e-07 -0.012686
9.834502e-07 -0.012601
9.844898e-07 -0.012516
9.855294e-07 -0.012432
9.865690e-07 -0.012347
9.876086e-07 -0.012262
9.886482e-07 -0.012178
9.896878e-07 -0.012093
9.907273e-07 -0.012008
9.917669e-07 -0.011923
9.928065e-07 -0.011839
9.938461e-07 -0.011754
9.948857e-07 -0.011669
9.959253e-07 -0.011585
9.969649e-07 -0.011500
9.980045e-07 -0.011415
9.990441e-07 -0.011331
1.000084e-06 -0.011246
1.001123e-06 -0.011161
1.002163e-06 -0.011077
1.003202e-06 -0.010992
1.004242e-06 -0.010907
1.005282e-06 -0.010822
1.006321e-06 -0.010738
1.007361e-06 -0.010653
1.008400e-06 -0.010568
1.009440e-06 -0.010484
1.010480e-06 -0.010399
1.011519e-06 -0.010314
1.012559e-06 -0.010230
1.013598e-06 -0.010145
1.014638e-06 -0.010060
1.015678e-06 -0.009975
1.016717e-06 -0.009891
1.017757e-06 -0.009806
1.018796e-06 -0.009721
1.019836e-06 -0.009637
1.020875e-06 -0.009552
1.021915e-06 -0.009467
1.022955e-06 -0.009383
1.023994e-06 -0.009298
1.025034e-06 -0.009213
1.026073e-06 -0.009129
1.027113e-06 -0.009044
1.028153e-06 -0.008959
1.029192e-06 -0.008874
1.030232e-06 -0.008790
1.031271e-06 -0.008705
1.032311e-06 -0.008620
1.033351e-06 -0.008536
1.034390e-06 -0.008451
1.035430e-06 -0.008366
1.036469e-06 -0.008282
1.037509e-06 -0.008197
1.038548e-06 -0.008112
1.039588e-06 -0.008027
1.040628e-06 -0.007943
1.041667e-06 -0.007858
1.042707e-06 -0.007773
1.043746e-06 -0.007689
1.044786e-06 -0.007604
1.045826e-06 -0.007519
1.046865e-06 -0.007435
1.047905e-06 -0.007350
1.048944e-06 -0.007265
1.049984e-06 -0.007181
1.051024e-06 -0.007096
1.052063e-06 -0.007011
1.053103e-06 -0.006926
1.054142e-06 -0.006842
1.055182e-06 -0.006757
1.056222e-06 -0.006672
1.057261e-06 -0.006588
1.058301e-06 -0.006503
1.059340e-06 -0.006418
1.060380e-06 -0.006334
1.061419e-06 -0.006249
1.062459e-06 -0.006164
1.063499e-06 -0.006080
1.064538e-06 -0.005995
1.065578e-06 -0.005910
1.066617e-06 -0.005825
1.067657e-06 -0.005741
1.068697e-06 -0.005656
1.069736e-06 -0.005571
1.070776e-06 -0.005487
1.071815e-06 -0.005402
1.072855e-06 -0.005317
1.073895e-06 -0.005233
1.074934e-06 -0.005148
1.075974e-06 -0.005063
1.077013e-06 -0.004978
1.078053e-06 -0.004894
1.079092e-06 -0.004809
1.080132e-06 -0.004724
1.081172e-06 -0.004640
1.082211e-06 -0.004555
1.083251e-06 -0.004470
1.084290e-06 -0.004386
1.085330e-06 -0.004301
1.086370e-06 -0.004216
1.087409e-06 -0.004132
1.088449e-06 -0.004047
1.089488e-06 -0.003962
1.090528e-06 -0.003877
1.091568e-06 -0.003793
1.092607e-06 -0.003708
1.093647e-06 -0.003623
1.094686e-06 -0.003539
1.095726e-06 -0.003454
1.096766e-06 -0.003369
1.097805e-06 -0.003285
1.098845e-06 -0.003200
1.099884e-06 -0.003115
1.100924e-06 -0.003030
1.101963e-06 -0.002946
1.103003e-06 -0.002861
1.104043e-06 -0.002776
1.105082e-06 -0.002692
1.106122e-06 -0.002607
1.107161e-06 -0.002522
1.108201e-06 -0.002438
1.109241e-06 -0.002353
1.110280e-06 -0.002268
1.111320e-06 -0.002184
1.112359e-06 -0.002099
1.113399e-06 -0.002014
1.114439e-06 -0.001929
1.115478e-06 -0.001845
1.116518e-06 -0.001760
1.117557e-06 -0.001675
1.118597e-06 -0.001591
1.119637e-06 -0.001506
1.120676e-06 -0.001421
1.121716e-06 -0.001337
1.122755e-06 -0.001252
1.123795e-06 -0.001167
1.124834e-06 -0.001083
1.125874e-06 -0.000998
1.126914e-06 -0.000913
1.127953e-06 -0.000828
1.128993e-06 -0.000744
1.130032e-06 -0.000659
1.131072e-06 -0.000574
1.132112e-06 -0.000490
1.133151e-06 -0.000405
1.134191e-06 -0.000320
1.135230e-06 -0.000236
1.136270e-06 -0.000151
1.137310e-06 -0.000066
1.138349e-06 0.000019
1.139389e-06 0.000000
1.140428e-06 0.000000
1.141468e-06 0.000000
1.142507e-06 0.000000
1.143547e-06 0.000000
1.144587e-06 0.000000
1.145626e-06 0.000000
1.146666e-06 0.000000
1.147705e-06 0.000000
1.148745e-06 0.000000
1.149785e-06 0.000000
1.150824e-06 0.000000
1.151864e-06 0.000000
1.152903e-06 0.000000
1.153943e-06 0.000000
1.154983e-06 0.000000
1.156022e-06 0.000000
1.157062e-06 0.000000
1.158101e-06 0.000000
1.159141e-06 0.000000
1.160181e-06 0.000000
1.161220e-06 0.000000
1.162260e-06 0.000000
1.163299e-06 0.000000
1.164339e-06 0.000000
1.165378e-06 0.000000
1.166418e-06 0.000000
1.167458e-06 0.000000
1.168497e-06 0.000000
1.169537e-06 0.000000
1.170576e-06 0.000000
1.171616e-06 0.000000
1.172656e-06 0.000000
1.173695e-06 0.000000
1.174735e-06 0.000000
1.175774e-06 0.000000
1.176814e-06 0.000000
1.177854e-06 0.000000
1.178893e-06 0.000000
1.179933e-06 0.000000
1.180972e-06 0.000000
1.182012e-06 0.000000
1.183051e-06 0.000000
1.184091e-06 0.000000
1.185131e-06 0.000000
1.186170e-06 0.000000
1.187210e-06 0.000000
1.188249e-06 0.000000
1.189289e-06 0.000000
1.190329e-06 0.000000
1.191368e-06 0.000000
1.192408e-06 0.000000
1.193447e-06 0.000000
1.194487e-06 0.000000
1.195527e-06 0.000000
1.196566e-06 0.000000
1.197606e-06 0.000000
1.198645e-06 0.000000
1.199685e-06 0.000000
1.200725e-06 0.000000
1.201764e-06 0.000000
1.202804e-06 0.000000
1.203843e-06 0.000000
1.204883e-06 0.000000
1.205922e-06 0.000000
1.206962e-06 0.000000
1.208002e-06 0.000000
1.209041e-06 0.000000
1.210081e-06 0.000000
1.211120e-06 0.000000
1.212160e-06 0.000000
1.213200e-06 0.000000
1.214239e-06 0.000000
1.215279e-06 0.000000
1.216318e-06 0.000000
1.217358e-06 0.000000
1.218398e-06 0.000000
1.219437e-06 0.000000
1.220477e-06 0.000000
1.221516e-06 0.000000
1.222556e-06 0.000000
1.223596e-06 0.000000
1.224635e-06 0.000000
1.225675e-06 0.000000
1.226714e-06 0.000000
1.227754e-06 0.000000
1.228793e-06 0.000000
1.229833e-06 0.000000
1.230873e-06 0.000000
1.231912e-06 0.000000
1.232952e-06 0.000000
1.233991e-06 0.000000
1.235031e-06 0.000000
1.236071e-06 0.000000
1.237110e-06 0.000000
1.238150e-06 0.000000
1.239189e-06 0.000000
1.240229e-06 0.000000
1.241269e-06 0.000000
1.242308e-06 0.000000
1.243348e-06 0.000000
1.244387e-06 0.000000
1.245427e-06 0.000000
1.246466e-06 0.000000
1.247506e-06 0.000000
1.248546e-06 0.000000
1.249585e-06 0.000000
1.250625e-06 0.000000
1.251664e-06 0.000000
1.252704e-06 0.000000
1.253744e-06 0.000000
1.254783e-06 0.000000
1.255823e-06 0.000000
1.256862e-06 0.000000
1.257902e-06 0.000000
1.258942e-06 0.000000
1.259981e-06 0.000000
1.261021e-06 0.000000
1.262060e-06 0.000000
1.263100e-06 0.000000
1.264140e-06 0.000000
1.265179e-06 0.000000
1.266219e-06 0.000000
1.267258e-06 0.000000
1.268298e-06 0.000000
1.269337e-06 0.000000
1.270377e-06 0.000000
1.271417e-06 0.000000
1.272456e-06 0.000000
1.273496e-06 0.000000
1.274535e-06 0.000000
1.275575e-06 0.000000
1.276615e-06 0.000000
1.277654e-06 0.000000
1.278694e-06 0.000000
1.279733e-06 0.000000
1.280773e-06 0.000000
1.281813e-06 0.000000
1.282852e-06 0.000000
1.283892e-06 0.000000
1.284931e-06 0.000000
1.285971e-06 0.000000
1.287010e-06 0.000000
1.288050e-06 0.000000
1.289090e-06 0.000000
1.290129e-06 0.000000
1.291169e-06 0.000000
1.292208e-06 0.000000
1.293248e-06 0.000000
1.294288e-06 0.000000
1.295327e-06 0.000000
1.296367e-06 0.000000
1.297406e-06 0.000000
1.298446e-06 0.000000
1.299486e-06 0.000000
1.300525e-06 0.000000
1.301565e-06 0.000000
1.302604e-06 0.000000
1.303644e-06 0.000000
1.304684e-06 0.000000
1.305723e-06 0.000000
1.306763e-06 0.000000
1.307802e-06 0.000000
1.308842e-06 0.000000
1.309881e-06 0.000000
1.310921e-06 0.000000
1.311961e-06 0.000000
1.313000e-06 0.000000
1.314040e-06 0.000000
1.315079e-06 0.000000
1.316119e-06 0.000000
1.317159e-06 0.000000
1.318198e-06 0.000000
1.319238e-06 0.000000
1.320277e-06 0.000000
1.321317e-06 0.000000
1.322357e-06 0.000000
1.323396e-06 0.000000
1.324436e-06 0.000000
1.325475e-06 0.000000
1.326515e-06 0.000000
1.327555e-06 0.000000
1.328594e-06 0.000000
1.329634e-06 0.000000
1.330673e-06 0.000000
1.331713e-06 0.000000
1.332752e-06 0.000000
1.333792e-06 0.000000
1.334832e-06 0.000000
1.335871e-06 0.000000
1.336911e-06 0.000000
1.337950e-06 0.000000
1.338990e-06 0.000000
1.340030e-06 0.000000
1.341069e-06 0.000000
1.342109e-06 0.000000
1.343148e-06 0.000000
1.344188e-06 0.000000
1.345228e-06 0.000000
1.346267e-06 0.000000
1.347307e-06 0.000000
1.348346e-06 0.000000
1.349386e-06 0.000000
1.350425e-06 0.000000
1.351465e-06 0.000000
1.352505e-06 0.000000
1.353544e-06 0.000000
1.354584e-06 0.000000
1.355623e-06 0.000000
1.356663e-06 0.000000
1.357703e-06 0.000000
1.358742e-06 0.000000
1.359782e-06 0.000000
1.360821e-06 0.000000
1.361861e-06 0.000000
1.362901e-06 0.000000
1.363940e-06 0.000000
1.364980e-06 0.000000
1.366019e-06 0.000000
1.367059e-06 0.000000
1.368099e-06 0.000000
1.369138e-06 0.000000
1.370178e-06 0.000000
1.371217e-06 0.000000
1.372257e-06 0.000000
1.373296e-06 0.000000
1.374336e-06 0.000000
1.375376e-06 0.000000
1.376415e-06 0.000000
1.377455e-06 0.000000
1.378494e-06 0.000000
1.379534e-06 0.000000
1.380574e-06 0.000000
1.381613e-06 0.000000
1.382653e-06 0.000000
1.383692e-06 0.000000
1.384732e-06 0.000000
1.385772e-06 0.000000
1.386811e-06 0.000000
1.387851e-06 0.000000
1.388890e-06 0.000000
1.389930e-06 0.000000
1.390969e-06 0.000000
1.392009e-06 0.000000
1.393049e-06 0.000000
1.394088e-06 0.000000
1.395128e-06 0.000000
1.396167e-06 0.000000
1.397207e-06 0.000000
1.398247e-06 0.000000
1.399286e-06 0.000000
1.400326e-06 0.000000
1.401365e-06 0.000000
1.402405e-06 0.000000
1.403445e-06 0.000000
1.404484e-06 0.000000
1.405524e-06 0.000000
1.406563e-06 0.000000
1.407603e-06 0.000000
1.408643e-06 0.000000
1.409682e-06 0.000000
1.410722e-06 0.000000
1.411761e-06 0.000000
1.412801e-06 0.000000
1.413840e-06 0.000000
1.414880e-06 0.000000
1.415920e-06 0.000000
1.416959e-06 0.000000
1.417999e-06 0.000000
1.419038e-06 0.000000
1.420078e-06 0.000000
1.421118e-06 0.000000
1.422157e-06 0.000000
1.423197e-06 0.000000
1.424236e-06 0.000000
1.425276e-06 0.000000
1.426316e-06 0.000000
1.427355e-06 0.000000
1.428395e-06 0.000000
1.429434e-06 0.000000
1.430474e-06 0.000000
1.431514e-06 0.000000
1.432553e-06 0.000000
1.433593e-06 0.000000
1.434632e-06 0.000000
1.435672e-06 0.000000
1.436711e-06 0.000000
1.437751e-06 0.000000
1.438791e-06 0.000000
1.439830e-06 0.000000
1.440870e-06 0.000000
1.441909e-06 0.000000
1.442949e-06 0.000000
1.443989e-06 0.000000
1.445028e-06 0.000000
1.446068e-06 0.000000
1.447107e-06 0.000000
1.448147e-06 0.000000
1.449187e-06 0.000000
1.450226e-06 0.000000
1.451266e-06 0.000000
1.452305e-06 0.000000
1.453345e-06 0.000000
1.454384e-06 0.000000
1.455424e-06 0.000000
1.456464e-06 0.000000
1.457503e-06 0.000000
1.458543e-06 0.000000
1.459582e-06 0.000000
1.460622e-06 0.000000
1.461662e-06 0.000000
1.462701e-06 0.000000
1.463741e-06 0.000000
1.464780e-06 0.000000
1.465820e-06 0.000000
1.466860e-06 0.000000
1.467899e-06 0.000000
1.468939e-06 0.000000
1.469978e-06 0.000000
1.471018e-06 0.000000
1.472058e-06 0.000000
1.473097e-06 0.000000
1.474137e-06 0.000000
1.475176e-06 0.000000
1.476216e-06 0.000000
1.477255e-06 0.000000
1.478295e-06 0.000000
1.479335e-06 0.000000
1.480374e-06 0.000000
1.481414e-06 0.000000
1.482453e-06 0.000000
1.483493e-06 0.000000
1.484533e-06 0.000000
1.485572e-06 0.000000
1.486612e-06 0.000000
1.487651e-06 0.000000
1.488691e-06 0.000000
1.489731e-06 0.000000
1.490770e-06 0.000000
1.491810e-06 0.000000
1.492849e-06 0.000000
1.493889e-06 0.000000
1.494928e-06 0.000000
1.495968e-06 0.000000
1.497008e-06 0.000000
1.498047e-06 0.000000
1.499087e-06 0.000000
1.500126e-06 0.000000
1.501166e-06 0.000000
1.502206e-06 0.000000
1.503245e-06 0.000000
1.504285e-06 0.000000
1.505324e-06 0.000000
1.506364e-06 0.000000
1.507404e-06 0.000000
1.508443e-06 0.000000
1.509483e-06 0.000000
1.510522e-06 0.000000
1.511562e-06 0.000000
1.512602e-06 0.000000
1.513641e-06 0.000000
1.514681e-06 0.000000
1.515720e-06 0.000000
1.516760e-06 0.000000
1.517799e-06 0.000000
1.518839e-06 0.000000
1.519879e-06 0.000000
1.520918e-06 0.000000
1.521958e-06 0.000000
1.522997e-06 0.000000
1.524037e-06 0.000000
1.525077e-06 0.000000
1.526116e-06 0.000000
1.527156e-06 0.000000
1.528195e-06 0.000000
1.529235e-06 0.000000
1.530275e-06 0.000000
1.531314e-06 0.000000
1.532354e-06 0.000000
1.533393e-06 0.000000
1.534433e-06 0.000000
1.535473e-06 0.000000
1.536512e-06 0.000000
1.537552e-06 0.000000
1.538591e-06 0.000000
1.539631e-06 0.000000
1.540670e-06 0.000000
1.541710e-06 0.000000
1.542750e-06 0.000000
1.543789e-06 0.000000
1.544829e-06 0.000000
1.545868e-06 0.000000
1.546908e-06 0.000000
1.547948e-06 0.000000
1.548987e-06 0.000000
1.550027e-06 0.000000
1.551066e-06 0.000000
1.552106e-06 0.000000
1.553146e-06 0.000000
1.554185e-06 0.000000
1.555225e-06 0.000000
1.556264e-06 0.000000
1.557304e-06 0.000000
1.558343e-06 0.000000
1.559383e-06 0.000000
1.560423e-06 0.000000
1.561462e-06 0.000000
1.562502e-06 0.000000
1.563541e-06 0.000000
1.564581e-06 0.000000
1.565621e-06 0.000000
1.566660e-06 0.000000
1.567700e-06 0.000000
1.568739e-06 0.000000
1.569779e-06 0.000000
1.570819e-06 0.000000
1.571858e-06 0.000000
1.572898e-06 0.000000
1.573937e-06 0.000000
1.574977e-06 0.000000
1.576017e-06 0.000000
1.577056e-06 0.000000
1.578096e-06 0.000000
1.579135e-06 0.000000
1.580175e-06 0.000000
1.581214e-06 0.000000
1.582254e-06 0.000000
1.583294e-06 0.000000
1.584333e-06 0.000000
1.585373e-06 0.000000
1.586412e-06 0.000000
1.587452e-06 0.000000
1.588492e-06 0.000000
1.589531e-06 0.000000
1.590571e-06 0.000000
1.591610e-06 0.000000
1.592650e-06 0.000000
1.593690e-06 0.000000
1.594729e-06 0.000000
1.595769e-06 0.000000
1.596808e-06 0.000000
1.597848e-06 0.000000
1.598887e-06 0.000000
1.599927e-06 0.000000
1.600967e-06 0.000000
1.602006e-06 0.000000
1.603046e-06 0.000000
1.604085e-06 0.000000
1.605125e-06 0.000000
1.606165e-06 0.000000
1.607204e-06 0.000000
1.608244e-06 0.000000
1.609283e-06 0.000000
1.610323e-06 0.000000
1.611363e-06 0.000000
1.612402e-06 0.000000
1.613442e-06 0.000000
1.614481e-06 0.000000
1.615521e-06 0.000000
1.616561e-06 0.000000
1.617600e-06 0.000000
1.618640e-06 0.000000
1.619679e-06 0.000000
1.620719e-06 0.000000
1.621758e-06 0.000000
1.622798e-06 0.000000
1.623838e-06 0.000000
1.624877e-06 0.000000
1.625917e-06 0.000000
1.626956e-06 0.000000
1.627996e-06 0.000000
1.629036e-06 0.000000
1.630075e-06 0.000000
1.631115e-06 0.000000
1.632154e-06 0.000000
1.633194e-06 0.000000
1.634234e-06 0.000000
1.635273e-06 0.000000
1.636313e-06 0.000000
1.637352e-06 0.000000
1.638392e-06 0.000000
1.639432e-06 0.000000
1.640471e-06 0.000000
1.641511e-06 0.000000
1.642550e-06 0.000000
1.643590e-06 0.000000
1.644629e-06 0.000000
1.645669e-06 0.000000
1.646709e-06 0.000000
1.647748e-06 0.000000
1.648788e-06 0.000000
1.649827e-06 0.000000
1.650867e-06 0.000000
1.651907e-06 0.000000
1.652946e-06 0.000000
1.653986e-06 0.000000
1.655025e-06 0.000000
1.656065e-06 0.000000
1.657105e-06 0.000000
1.658144e-06 0.000000
1.659184e-06 0.000000
1.660223e-06 0.000000
1.661263e-06 0.000000
1.662302e-06 0.000000
1.663342e-06 0.000000
1.664382e-06 0.000000
1.665421e-06 0.000000
1.666461e-06 0.000000
1.667500e-06 0.000000
1.668540e-06 0.000000
1.669580e-06 0.000000
1.670619e-06 0.000000
1.671659e-06 0.000000
1.672698e-06 0.000000
1.673738e-06 0.000000
1.674778e-06 0.000000
1.675817e-06 0.000000
1.676857e-06 0.000000
1.677896e-06 0.000000
1.678936e-06 0.000000
1.679976e-06 0.000000
1.681015e-06 0.000000
1.682055e-06 0.000000
1.683094e-06 0.000000
1.684134e-06 0.000000
1.685173e-06 0.000000
1.686213e-06 0.000000
1.687253e-06 0.000000
1.688292e-06 0.000000
1.689332e-06 0.000000
1.690371e-06 0.000000
1.691411e-06 0.000000
1.692451e-06 0.000000
1.693490e-06 0.000000
1.694530e-06 0.000000
1.695569e-06 0.000000
1.696609e-06 0.000000
1.697649e-06 0.000000
1.698688e-06 0.000000
1.699728e-06 0.000000
1.700767e-06 0.000000
1.701807e-06 0.000000
1.702846e-06 0.000000
1.703886e-06 0.000000
1.704926e-06 0.000000
1.705965e-06 0.000000
1.707005e-06 0.000000
1.708044e-06 0.000000
1.709084e-06 0.000000
1.710124e-06 0.000000
1.711163e-06 0.000000
1.712203e-06 0.000000
1.713242e-06 0.000000
1.714282e-06 0.000000
1.715322e-06 0.000000
1.716361e-06 0.000000
1.717401e-06 0.000000
1.718440e-06 0.000000
1.719480e-06 0.000000
1.720520e-06 0.000000
1.721559e-06 0.000000
1.722599e-06 0.000000
1.723638e-06 0.000000
1.724678e-06 0.000000
1.725717e-06 0.000000
1.726757e-06 0.000000
1.727797e-06 0.000000
1.728836e-06 0.000000
1.729876e-06 0.000000
1.730915e-06 0.000000
1.731955e-06 0.000000
1.732995e-06 0.000000
1.734034e-06 0.000000
1.735074e-06 0.000000
1.736113e-06 0.000000
1.737153e-06 0.000000
1.738193e-06 0.000000
1.739232e-06 0.000000
1.740272e-06 0.000000
1.741311e-06 0.000000
1.742351e-06 0.000000
1.743391e-06 0.000000
1.744430e-06 0.000000
1.745470e-06 0.000000
1.746509e-06 0.000000
1.747549e-06 0.000000
1.748588e-06 0.000000
1.749628e-06 0.000000
1.750668e-06 0.000000
1.751707e-06 0.000000
1.752747e-06 0.000000
1.753786e-06 0.000000
1.754826e-06 0.000000
1.755866e-06 0.000000
1.756905e-06 0.000000
1.757945e-06 0.000000
1.758984e-06 0.000000
1.760024e-06 0.000000
1.761064e-06 0.000000
1.762103e-06 0.000000
1.763143e-06 0.000000
1.764182e-06 0.000000
1.765222e-06 0.000000
1.766261e-06 0.000000
1.767301e-06 0.000000
1.768341e-06 0.000000
1.769380e-06 0.000000
1.770420e-06 0.000000
1.771459e-06 0.000000
1.772499e-06 0.000000
1.773539e-06 0.000000
1.774578e-06 0.000000
1.775618e-06 0.000000
1.776657e-06 0.000000
1.777697e-06 0.000000
1.778737e-06 0.000000
1.779776e-06 0.000000
1.780816e-06 0.000000
1.781855e-06 0.000000
1.782895e-06 0.000000
1.783935e-06 0.000000
1.784974e-06 0.000000
1.786014e-06 0.000000
1.787053e-06 0.000000
1.788093e-06 0.000000
1.789132e-06 0.000000
1.790172e-06 0.000000
1.791212e-06 0.000000
1.792251e-06 0.000000
1.793291e-06 0.000000
1.794330e-06 0.000000
1.795370e-06 0.000000
1.796410e-06 0.000000
1.797449e-06 0.000000
1.798489e-06 0.000000
1.799528e-06 0.000000
1.800568e-06 0.000000
1.801608e-06 0.000000
1.802647e-06 0.000000
1.803687e-06 0.000000
1.804726e-06 0.000000
1.805766e-06 0.000000
1.806805e-06 0.000000
1.807845e-06 0.000000
1.808885e-06 0.000000
1.809924e-06 0.000000
1.810964e-06 0.000000
1.812003e-06 0.000000
1.813043e-06 0.000000
1.814083e-06 0.000000
1.815122e-06 0.000000
1.816162e-06 0.000000
1.817201e-06 0.000000
1.818241e-06 0.000000
1.819281e-06 0.000000
1.820320e-06 0.000000
1.821360e-06 0.000000
1.822399e-06 0.000000
1.823439e-06 0.000000
1.824479e-06 0.000000
1.825518e-06 0.000000
1.826558e-06 0.000000
1.827597e-06 0.000000
1.828637e-06 0.000000
1.829676e-06 0.000000
1.830716e-06 0.000000
1.831756e-06 0.000000
1.832795e-06 0.000000
1.833835e-06 0.000000
1.834874e-06 0.000000
1.835914e-06 0.000000
1.836954e-06 0.000000
1.837993e-06 0.000000
1.839033e-06 0.000000
1.840072e-06 0.000000
1.841112e-06 0.000000
1.842152e-06 0.000000
1.843191e-06 0.000000
1.844231e-06 0.000000
1.845270e-06 0.000000
1.846310e-06 0.000000
1.847350e-06 0.000000
1.848389e-06 0.000000
1.849429e-06 0.000000
1.850468e-06 0.000000
1.851508e-06 0.000000
1.852547e-06 0.000000
1.853587e-06 0.000000
1.854627e-06 0.000000
1.855666e-06 0.000000
1.856706e-06 0.000000
1.857745e-06 0.000000
1.858785e-06 0.000000
1.859825e-06 0.000000
1.860864e-06 0.000000
1.861904e-06 0.000000
1.862943e-06 0.000000
1.863983e-06 0.000000
1.865023e-06 0.000000
1.866062e-06 0.000000
1.867102e-06 0.000000
1.868141e-06 0.000000
1.869181e-06 0.000000
1.870220e-06 0.000000
1.871260e-06 0.000000
1.872300e-06 0.000000
1.873339e-06 0.000000
1.874379e-06 0.000000
1.875418e-06 0.000000
1.876458e-06 0.000000
1.877498e-06 0.000000
1.878537e-06 0.000000
1.879577e-06 0.000000
1.880616e-06 0.000000
1.881656e-06 0.000000
1.882696e-06 0.000000
1.883735e-06 0.000000
1.884775e-06 0.000000
1.885814e-06 0.000000
1.886854e-06 0.000000
1.887894e-06 0.000000
1.888933e-06 0.000000
1.889973e-06 0.000000
1.891012e-06 0.000000
1.892052e-06 0.000000
1.893091e-06 0.000000
1.894131e-06 0.000000
1.895171e-06 0.000000
1.896210e-06 0.000000
1.897250e-06 0.000000
1.898289e-06 0.000000
1.899329e-06 0.000000
1.900369e-06 0.000000
1.901408e-06 0.000000
1.902448e-06 0.000000
1.903487e-06 0.000000
1.904527e-06 0.000000
1.905567e-06 0.000000
1.906606e-06 0.000000
1.907646e-06 0.000000
1.908685e-06 0.000000
1.909725e-06 0.000000
1.910764e-06 0.000000
1.911804e-06 0.000000
1.912844e-06 0.000000
1.913883e-06 0.000000
1.914923e-06 0.000000
1.915962e-06 0.000000
1.917002e-06 0.000000
1.918042e-06 0.000000
1.919081e-06 0.000000
1.920121e-06 0.000000
1.921160e-06 0.000000
1.922200e-06 0.000000
1.923240e-06 0.000000
1.924279e-06 0.000000
1.925319e-06 0.000000
1.926358e-06 0.000000
1.927398e-06 0.000000
1.928438e-06 0.000000
1.929477e-06 0.000000
1.930517e-06 0.000000
1.931556e-06 0.000000
1.932596e-06 0.000000
1.933635e-06 0.000000
1.934675e-06 0.000000
1.935715e-06 0.000000
1.936754e-06 0.000000
1.937794e-06 0.000000
1.938833e-06 0.000000
1.939873e-06 0.000000
1.940913e-06 0.000000
1.941952e-06 0.000000
1.942992e-06 0.000000
1.944031e-06 0.000000
1.945071e-06 0.000000
1.946111e-06 0.000000
1.947150e-06 0.000000
1.948190e-06 0.000000
1.949229e-06 0.000000
1.950269e-06 0.000000
1.951309e-06 0.000000
1.952348e-06 0.000000
1.953388e-06 0.000000
1.954427e-06 0.000000
1.955467e-06 0.000000
1.956506e-06 0.000000
1.957546e-06 0.000000
1.958586e-06 0.000000
1.959625e-06 0.000000
1.960665e-06 0.000000
1.961704e-06 0.000000
1.962744e-06 0.000000
1.963784e-06 0.000000
1.964823e-06 0.000000
1.965863e-06 0.000000
1.966902e-06 0.000000
1.967942e-06 0.000000
1.968982e-06 0.000000
1.970021e-06 0.000000
1.971061e-06 0.000000
1.972100e-06 0.000000
1.973140e-06 0.000000
1.974179e-06 0.000000
1.975219e-06 0.000000
1.976259e-06 0.000000
1.977298e-06 0.000000
1.978338e-06 0.000000
1.979377e-06 0.000000
1.980417e-06 0.000000
1.981457e-06 0.000000
1.982496e-06 0.000000
1.983536e-06 0.000000
1.984575e-06 0.000000
1.985615e-06 0.000000
1.986655e-06 0.000000
1.987694e-06 0.000000
1.988734e-06 0.000000
1.989773e-06 0.000000
1.990813e-06 0.000000
1.991853e-06 0.000000
1.992892e-06 0.000000
1.993932e-06 0.000000
1.994971e-06 0.000000
1.996011e-06 0.000000
1.997050e-06 0.000000
1.998090e-06 0.000000
1.999130e-06 0.000000
